u		

0.630897074289552	
0.630897074289552
0.631750394652028
0.632601283840484
0.634296444914884
0.635982773066036
0.638497279218034
0.640992889760209
0.644294080143087
0.647563102245531
0.651609302940847
0.655607403600885
0.660349278095627
0.665025067591476
0.670407057314840
0.675703542625930
0.681665297600425
0.687521291526050
0.693999008832913
0.700350422811096
0.707278032516690
0.714059003641199
0.721369163419516
0.728512986738260
0.736137864170315
0.743577717250247
0.751449550510819
0.759119006915227
0.767170439064111
0.775003770077893
0.783167948587360
0.791100207628574
0.799310627839234
0.807277498340947
0.815467544527946
0.823404906989721
0.831507002349802
0.839350134463566
0.847294342128657
0.854976598350839
0.862688405061245
0.870139116504496
0.877535964499113
0.884677151591422
0.891663083144255
0.898404440580961
0.904862196551088
0.911094048423098
0.916875116781616
0.922461109432781
0.927380005449445
0.932159481912669
0.936015742603533
0.939843901396598
0.942513223310283
0.945362953718462
0.946930526116403
0.948970605228895
0.949727195416669
0.951235995112338
0.951500988204979
0.952715447689075
0.952710892553775
0.953774921536119
0.953622844171725
0.954610510414621
0.954371200118372
0.955318250566109
0.955020409119792
0.955943964516129
0.955601189752330
0.956509673445886
0.956128440382682
0.957026229882232
0.956609613904835
0.957499182054075
0.957048592690395
0.957931500241341
0.957447499834517
0.958324864276607
0.957807562583006
0.958680285217016
0.958129533918189
0.958998413174902
0.958413903782367
0.959279693832175
0.958661007722498
0.959524450179148
0.958871084243214
0.959732926368971
0.959044305850640
0.959905311881367
0.959180796248238
0.960041755198703
0.959280640060083
0.960142371756119
0.959343888409288
0.960207248692733
0.959370562139077
0.960236447771343
0.959360653651094
0.960230007229256
0.959314127906429
0.960187942993186
0.959230922898753
0.960110249504682
0.959110949774992
0.959996900306381
0.958954092706708
0.959847848478276
0.958760208571858
0.959663026977625
0.958529126471174
0.959442348911500
0.958260647092388
0.959185707761764
0.957954541915624
0.958892977552302
0.957610552227404
0.958564012927649
0.957228387879101
0.958198649038699
0.956807725628183
0.957796700942468
0.956348206652815
0.957357961706055
0.955849432134394
0.956882196796779
0.955310953592490
0.956369127049477
0.954732247312156
0.955818373728179
0.954112635535480
0.955229266582509
0.953451011937446
0.954600108357052
0.952744774280299
0.953925056042591
0.951985204641637
0.953179506395564
0.951135399525978
0.952248458969720
0.950021920075194
0.950651230990630
0.947953870687452
0.947240485886915
0.943578226011156
0.941019259036319
0.936220459173454
0.932060681990856
0.926305875083784
0.920970879033103
0.914487822055409
0.908304423468217
0.901269006103107
0.894459188571536
0.887000210011600
0.879719263293359
0.871935996452981
0.864300637718635
0.856275395056629
0.848380358398110
0.840186068500374
0.832113585434699
0.823818240991957
0.815643534719210
0.807312821720747
0.799107362036454
0.790806221599210
0.782639676726312
0.774433210783524
0.766374598236582
0.758328540782456
0.750446848320818
0.742627719198720
0.734992141543708
0.727467141255827
0.720147008918044
0.712983680513500
0.706048119079195
0.699313786753002
0.692831126160739
0.686592115008598
0.680629062794749
0.674949707966279
0.669570305121814
0.664511770108628
0.659776161076411
0.655395102594343
0.651358169745600
0.647705308313427
0.644415242831660
0.641533920054993
0.639030821102087
0.636955642194075
0.635270249494644
0.634025917652148
0.633178584373019
0.632779028266519
0.632779028266519

	v

1.07491217394573
1.07491217394573
1.07214174315315
1.06937903696972
1.06387562587952
1.05840051207037
1.05023750477718
1.04213520044259
1.03141913157097
1.02080652612168
1.00767331302915
0.994694872771051
0.979305401122024
0.964128574521041
0.946663992612836
0.929474462122614
0.910131512138220
0.891128595524623
0.870115252193229
0.849507689975245
0.827039305418797
0.805041597531579
0.781337680694871
0.758167068376615
0.733448769884060
0.709322907261496
0.683811243056034
0.658946572174354
0.632861406017511
0.607472241706210
0.581032060706028
0.555330410017075
0.528752973451098
0.502949162799304
0.476453192383381
0.450757463591939
0.424565691804821
0.399191074767236
0.373535210298107
0.348702216789462
0.323830773434510
0.299774826863783
0.275965344769684
0.252948382102576
0.230526276632926
0.208854427266243
0.188220785530917
0.168269202495725
0.149935812319973
0.132174492025208
0.116784143368528
0.101769947736950
0.0900198314822788
0.0782563157635783
0.0705794289542503
0.0621606213415255
0.0582590969680615
0.0525953518424182
0.0514532769224794
0.0475721432335535
0.0480736485221185
0.0451475044781170
0.0465169570331474
0.0440433476735390
0.0458547503587969
0.0435753442457353
0.0456185015667396
0.0434089049189716
0.0455840247294492
0.0433849315960994
0.0456449970253562
0.0434274773536969
0.0457503424932816
0.0434995789354096
0.0458749508303954
0.0435827521459174
0.0460061283855583
0.0436674587591399
0.0461372647543869
0.0437486044369983
0.0462648135804912
0.0438233649137368
0.0463868184335673
0.0438901096874667
0.0465021743499734
0.0439478548949891
0.0466102481176138
0.0439959776957544
0.0467106779398131
0.0440340631422550
0.0468032650987472
0.0440618198981037
0.0468879140285365
0.0440790326111061
0.0469645984959185
0.0440855342819931
0.0470333422440108
0.0440811897875011
0.0470942078453205
0.0440658857717409
0.0471472903525399
0.0440395242377164
0.0471927138384733
0.0440020183234180
0.0472306297416421
0.0439532893994891
0.0472612164031455
0.0438932649621706
0.0472846794334022
0.0438218770095981
0.0473012527004773
0.0437390607134084
0.0473111998534412
0.0436447532834973
0.0473148163351414
0.0435388929572535
0.0473124319071289
0.0434214181476889
0.0473044137996648
0.0432922668587967
0.0472911707116610
0.0431513767326339
0.0472731582250714
0.0429986867516399
0.0472508870642963
0.0428341434281924
0.0472249380664057
0.0426577199342972
0.0471959954515203
0.0424694751192698
0.0471649356597785
0.0422697449873157
0.0471331022367197
0.0420598130206470
0.0471032647819391
0.0418444802814994
0.0470833489217210
0.0416429651209692
0.0471025819515497
0.0415399795758741
0.0472886232782599
0.0419360870033709
0.0482462107960722
0.0445097147327235
0.0523882612906119
0.0532686113455122
0.0644410836781417
0.0716943182323588
0.0867599848260219
0.0995304919668151
0.117860143962242
0.134663227166722
0.155465391488991
0.175164302935798
0.197831069923610
0.219657547131337
0.243747330345865
0.267167793880365
0.292343561933337
0.316960501245511
0.342945613267183
0.368439393848129
0.394990955629976
0.421086541356331
0.447979743878051
0.474427389901252
0.501446230262082
0.528010022007809
0.554941766153685
0.581392719501715
0.608024659253561
0.634136617593159
0.660254338961598
0.685801711971814
0.711188458719177
0.735945286738347
0.760382208200909
0.784122278902331
0.807389464951048
0.829887342539537
0.851765606858093
0.872798500964074
0.893071893515103
0.912422316358263
0.930881335109122
0.948340482184404
0.964785917509493
0.980157666031960
0.994404953743310
1.00751031219577
1.01939420059020
1.03007597241901
1.03945523714798
1.04758259656052
1.05434447982445
1.05981711435888
1.06388113851219
1.06663260748137
1.06795343079067
1.06795343079067